3,2
3,1
3,3
10,175
10,16
10,179
10,114
10,309
10,178
10,192
10,313
10,3
11,21
11,22
11,9
11,25
8,13
8,2
13,1
13,3
2,2
2,1
2,3
54,4
54,3
54,2
54,1
54,0
53,3
53,2
53,1
53,0
52,4
52,3
52,2
52,1
52,0
51,5
51,4
51,3
51,2
51,1
20,3
20,2
20,1
19,3
19,2
19,1
18,3
18,1
14,7
14,4
14,3
14,1
12,3
12,2
12,1
11,30
11,29
11,28
11,27
11,26
11,24
11,23
11,20
11,19
11,18
11,17
11,16
11,15
11,14
11,13
11,12
11,11
11,10
11,8
11,6
11,5
11,4
11,3
11,2
11,1
10,314
10,310
10,306
10,300
10,287
10,282
10,278
10,260
10,256
10,255
10,233
10,229
10,223
10,210
10,203
10,133
10,126
10,79
10,1
10,32
10,2
9,7
9,6
9,5
9,4
